42841789
2493239786
108466815
19686204
23233618
14576952
29395129
50835495
52272942
43073607
17958254
2450423502
15653864
2252314255
276790191
79672696
105534906
1375507045
43442024
86890978
22862592
54773115
546969957
32384316
2722105278
98716276
69650310
1626273618
4362874575
28249698
259995285
32209212
21173596
35636210
29289990
46816187
16259973
23214781
17574917
631361438
2930966327
18574704
28918980
53932318
3712259835
22094778
437960152
128070312
260370271
2888822015
42930243
41760419
124737145
39206945
39618641
213236819
2252314255
19777743
113916579
129899152
2226789948
50706690
3145730318
232258304
50052259
53932318
26131483
60469411
426732447
54773115
240785452
123602987
273269472
10356152
226277694
14253707
19675983
270966426
51316773
370333476
245861838
243423011
30798218
157382681
199882123
158900679
30463301
357328290
20832061
23214781
34411102
167266115
336840071
944780582
254770902
945831002
25517383
2601023850
23153164
466948586
16881442
50706690
37860875
47333681
374289540
9289832
88962694
27902929
22589715
221742882
30336669
3708032836
384070788
362897091
53932318
53932318
348125852
25547544
738648278
70149423
2692698100
404317294
2836539727
33344949
53932318
133778087
17091068
142913059
577191360
34951789
45863503
43530179
2329104896
19958709
81237494
13202612
119178208
442045360
1049301
911220024
16910996
20832061
183269168
89504334
117881127
219048507
256830365
775252
87567635
168854378
40782375
30823525
372077474
2372135637
1287361772
33832951
36292672
279141215
1929002953
414576678
1704746341
2968148254
19809103
248022711
2762316339
110221818
164834413
34052822
14213141
19170880
1622046012
17423572
580493159
2533567111
19081103
74068386
2968148254
52944231
136457400
11954462
839832829
101060871
43418817
2968148254
17324441
854024965
34130839
3067432358
1531589653
24640587
35033769
50297021
52272942
1730150874
28447705
39630126
369206232
46543797
396338136
18003520
789595033
1853361960
24544452
49248817
1372164984
610224323
189637046
29083003
146870481
1622046012
133136408
16075589
341917912
950763769
3070172705
731564102
27246424
768632
2838907731
2157963286
23216688
180650949
1686785360
119295496
15899661
142386580
64953477
1090865070
28052333
61371461
456322233
29340185
258135285
2968148254
310916483
34754842
3371319148
2201216205
216177858
1622046012
3308032523
129955551
1290044953
165666183
24243598
235782349
72722761
528
24187647
113173992
270528698
376909769
2892426704
135325661
1372164984
978771409
212106932
719113326
604611581
2173884045
180235415
38336082
872156070
161746034
98704839
1072200810
2448669232
308846681
49445720
1622046012
3113679920
23033421
22516507
2310381464
28988909
114288354
756298591
33704786
2891170630
148035047
379789715
529053118
52944231
44067298
1496839458
393229279
16811191
23449384
39180746
23343671
82660223
26158922
3304755143
378344347
73721964
237325888
58099237
562632353
854024965
3397964506
334439529
296340603
158809574
55800043
63298154
17958254
231188370
352576995
1443033678
2319678673
24502715
24633760
455996058
12057032
3496892840
98693484
114381588
15637631
16259100
61059549
1353088710
1832243125
57504781
2308949044
143196668
528
4244897727
1881250986
827905754
405876093
1335566828
64953477
2492022547
303561726
29395129
75186501
2712395222
323982384
307422114
260404176
16401028
3173069404
3082999539
54460147
480875170
1372164984
3095836463
301595292
19600629
1518086706
532639414
18584210
396338136
579453701
44707243
2722173327
24921007
390725904
2327264195
1973770644
16839690
396263850
82539912
138187963
747583819
5763262
18511844
4034704035
491129487
42141939
58296910
892465381
280231016
191328828
46903629
23453355
597761673
4889471
2202150431
908690514
1917481172
220144832
269055825
19040598
1564730946
34312140
14083898
94053314
3027682420
14799978
128570592
218021474
49646581
87768794
44649012
11707152
3342896033
104075105
38479686
306238400
453637335
360995131
227563392
17330601
21829566
325223895
443943313
869564989
784884750
25952699
84250897
419988702
23329338
30510903
90746809
211480412
507855677
28645348
302513797
62424102
14507186
15662355
1892141948
1110778604
24544452
784078771
207141071
1131531764
18070428
21266346
622223759
52518092
21379281
2766417846
2191536703
1632581
478299325
2324286951
54576070
467680869
507855677
103393532
283708670
388614006
341588124
2674893402
221256291
255164984
341588124
5660912
21176027
121224498
764234526
21159382
36182536
3132383759
237648057
1145980616
492725068
301741887
593230658
455947392
46739996
12612432
10454572
73143956
30776407
18511844
983419375
1393232936
18177077
2984595436
313800417
926713321
30820534
1167873740
923839826
255597704
228491611
355282386
206820822
2906321
2395428436
65719510
43495127
3055033422
45668062
16649226
38582868
42303550
18687768
370213654
3066551830
383647766
58296910
567883440
312232553
3835680875
478299325
1517833200
2931442203
880500938
18511844
380738653
478158137
17493065
30213842
628628464
276840788
247999192
1090865070
159603639
5688642
41720382
320183254
602011257
28174713
3922971197
2763209667
164451281
1489051548
710221134
41740036
20560057
345062016
2851471319
18873076
19042105
476179143
96865531
72451133
244190306
338557126
97085866
1075172220
293349604
180619378
475459599
2458796182
36477360
128570592
1324775623
3043828834
180626510
3244411516
269240453
240766175
64306321
35868947
50685056
2329343004
917625570
250716147
53352349
73916289
1962902683
942291103
1424135676
1850982037
15749062
63159399
769035349
724521750
250716147
788618467
620481180
4215177136
2178054305
17539438
20379443
33212683
1301699432
2358732043
26035245
31639608
418120979
21009948
250716147
227563392
2874059619
603004342
14415108
22723448
277049300
685813
2302272980
24716469
2256145964
55076934
334675140
343107177
2975737414
325626592
537158737
1954657033
1629345997
101970219
848249738
41962111
356727203
332577121
22990826
443943313
300384559
18129188
598558496
458846219
81231719
86217190
611325837
3026022849
21765409
3217634209
1264876207
227188163
921739418
89371050
1346942144
251767189
199406520
286171510
707562367
58296910
62424102
54444409
1163881291
2235886915
2475666217
342940317
44572728
3792466155
1571904578
3244468859
2334024799
2959751800
497517512
112928165
3073962207
21953248
65220217
741694573
18243657
246876210
156789690
818237815
66674330
73928566
599532781
1855958648
63154300
25516426
1895662123
45786550
555157409
4376361
16144643
17837085
24095289
372386913
28023458
126726873
3776672308
121660391
2886423731
625935849
374673775
48556053
191985034
18734755
230748033
25451125
42301660
201757941
23176659
1740386148
174452122
176897786
151526949
19500327
16064766
604274756
69794651
27086599
256830365
2492905720
637077711
2882500278
429532968
75412820
408898240
15535595
304627207
465630017
123764776
376538026
90120973
27956098
1446927278
1596789751
1729630836
21829895
2388133087
111246471
217204698
3374099909
20690056
162256699
2891640517
22372197
3200023090
170881050
92277847
56314617
384422474
70426566
739447687
23700532
751444969
3669938115
69103229
47482268
139909286
460759854
320336872
1314115860
18298815
521441243
16445666
99442437
24217697
28441930
22148601
15141194
76722665
28441930
28720800
43643991
23315574
60968327
224080527
23214398
388478631
38569432
472530694
450313242
22055719
263350211
200164139
28720800
17325298
22425875
581228933
3956162843
22425875
14479036
2579663444
221653710
17372502
20831258
24217697
793777357
989554176
1855155103
14823775
62731570
1606426118
563319506
19691781
186206563
2294998164
20831100
2768228509
23315574
17559845
793777357
95357199
1408277323
72302553
55540658
55540658
124972504
1000656529
16025036
312913788
2943936850
370430691
966089274
27684948
14886344
25381394
164372624
371841670
14787758
1009981381
301801006
3325759799
2893514157
111084832
166455280
234920093
2953043526
431137320
362564376
16000197
158419852
26174673
221099917
344733417
45753127
16025036
39936464
475820006
41447450
3230330738
140456074
756464
101309767
21067685
15601508
128764666
116308543
242793937
830168095
74729466
2953043526
1639129478
164381070
2841820680
541346624
426903756
122409994
83735581
1650849492
225815099
720136919
545846296
329497063
552434672
82809956
164054256
2225836043
25002402
27388968
340531218
3849797657
1171910900
2444334426
333168719
3127499210
283306962
91048398
429784490
598376233
1033854979
1633506079
17124524
2485930448
3069923951
16374007
2989027096
477103754
2715416474
620261445
3122955761
904680871
2927844220
393845423
403481070
17852043
22223749
626173608
612069457
158419852
3110672405
2718375420
2685926647
14123307
32900770
16555006
2426355672
2225662255
19095323
291532946
29200620
2895236340
2209402843
241703974
539521803
164748187
22977709
45248228
14902402
857147479
236218853
1150908078
116308543
719332226
2040571
42026730
595521082
2270944088
71856410
1692594332
2778419441
356883460
766999483
2868469659
140940998
46325728
1478176260
101309767
634734888
198634633
38273917
15466121
471438447
18445681
2577688799
100569841
26343724
353677199
105190427
2333512328
427085059
417623951
2434948601
269116844
1148694421
32275559
3127499210
878378756
130582018
338313382
2582736318
343197788
491758231
18386810
1559332555
302793000
2717085239
482112490
119993898
2279505781
41274756
440225446
55298878
608815944
403481070
353899585
461580738
277047868
165484510
1143896910
234161556
15219450
2369449952
91048398
2471591280
2943405096
626173608
2810230491
945085944
473370149
223912325
465772874
91048398
436011908
192229864
980542926
181807545
167319148
379470661
158788504
298286061
2790301263
340761012
21777118
237860849
248399075
571353531
860688770
37321638
351298793
713388560
1639129478
1655963544
1566650000
395623054
32620535
2953043526
3271575523
1927275858
17239871
228835183
3035952519
264943902
140940998
15601508
1598191
622059733
91048398
1576586022
81954897
2930326345
58536094
1231285862
513711690
28441930
439913013
20477320
714566852
18023829
1051550947
3776280202
1149579998
276665589
29340140
139800310
3118696008
357380815
164748187
2275224492
612787045
2768228509
278763197
270726710
1086527186
185735096
249530784
2953043526
110619551
23277730
3014316003
1068883651
253058272
2151955387
20831231
616622353
1226383315
1019825383
1723766160
1598975610
1947349021
43650908
2191240939
1728826116
18840718
339300649
34423051
158788504
44998064
296011495
78965979
3127499210
715217994
212043634
15350008
269062860
27502058
1374731072
467172010
2953043526
48764217
3893855903
374775423
284068310
2685210029
171688196
15574237
2372242012
158788504
51912564
81892846
326572763
1507069764
2370857642
2369449952
623959168
308631035
731652594
145497612
63011649
2888223749
2198354929
3905562318
3270523214
285991059
36548724
610119446
2782049981
3616599563
479051403
497626172
255604226
3950721389
162436508
3317119892
3371393135
40165137
155613324
408887312
2307847290
1311905401
105581789
528671253
2953043526
3272284375
376997527
24087891
606533353
147782012
2189391883
1391105538
945085944
15883010
2352437852
2957290169
169723045
595939883
1480385978
14689088
636457450
825834661
34944613
384831590
1555750129
2213470548
2953043526
931490390
2225662255
881668279
609021359
421368626
268632596
439666906
23489774
2298725058
455052840
965259182
23471828
711158395
542993760
35186363
2776039999
45176803
40602588
301097247
529943943
83982635
835045974
446050455
2813874567
67772433
3255805356
417381327
146664422
405069015
3040187578
83407062
195880747
456049223
18256105
3514251015
66535054
45501468
609592265
391827480
1633506079
569478570
217994395
3257027210
603294308
79019673
27806970
3157877285
65420296
225133601
791258761
785251808
181441391
25270818
133886967
2494348278
22095564
2471378384
55218049
810955110
315438476
70772803
35535879
351125925
25152239
22061084
610653336
55218049
23903871
15608620
16130082
533251063
368826646
318069388
1385613486
787687147
553219166
123597902
136305866
21062515
55218049
557467958
23070921
3008365158
1532623483
121040604
1559234017
21600431
46324445
1473364880
19162224
58268046
68824601
20190169
163430279
50613175
2918178756
55218049
3589441154
251316392
55218049
21476753
3808760898
83486710
583982926
107624539
23215337
3146029997
165529936
3231743899
26681026
1226740093
348247641
1561754125
3277220599
431877482
2806774267
397071092
776260
52998518
2465886794
772866762
177829388
619463480
1135599187
19422129
2918050688
46438974
1363149661
1383459241
222663363
63886254
17529349
1253254070
4182184768
102262112
39513423
89391412
2313027055
14104914
626996581
2223077760
1590509456
532912531
232780083
2150851
47707855
1033279693
2457572712
19570592
27546849
1537207585
304587968
3321732128
2959949329
15680097
207379064
110453808
316991861
424722253
314416808
857246882
74630445
484248634
136867753
2384233453
78647515
911909497
515923497
23848234
1014657006
46503479
24845356
54719591
119673750
3775451659
46514351
624046180
171533404
198218113
2879069341
2388427416
257287473
2893973432
1737553135
1542922056
491064516
196425392
1617056430
1062252554
152036878
1876105963
279042526
3171548234
3009699655
2263784162
70055859
203254143
3238200352
16482319
322936624
35122099
60992545
833860573
28503979
3261823974
60151923
2911986811
3308418536
466808951
1669285848
2222005818
288772085
308946280
1485304172
556230700
15250836
69962605
1545053466
885197238
145690992
73316384
929087112
3254253360
1337751998
1260139614
1002936013
975462608
35429464
322888565
1113199220
559751459
250248914
13191192
25743456
388076175
961360286
20962827
2235073116
2570472756
2835901655
327531244
2799547164
248473653
43650193
1196075874
415309714
86645874
306981953
1560986180
2534193260
605165047
3602017640
55348286
2832140948
3602017640
962199192
1323751674
59410360
523617592
234634773
107319838
28490629
111211404
498292491
255803768
3999999267
86645874
54296004
18608764
237526807
24224190
2523867307
79362852
30862579
712042710
39368594
2727409304
911909497
26434926
3290203221
990321193
345635978
18787920
20660296
2356859460
18309249
2950590917
117255266
556230700
24710026
368735686
144263892
301593550
2904675787
443151937
413765482
72763249
124684492
233392415
2697340243
716484739
22539203
945048120
98221145
167444843
2863738724
433889798
423989829
59410360
920520110
235937489
3038695370
2853608562
330488319
2508269168
1542551317
2941052208
193573735
3875681834
1350382801
50903944
105904100
188547933
482388634
592606032
896306754
3490611612
66217717
15384074
1689920359
40626834
218520952
2355085736
566791797
30414552
457344690
412416046
2694670092
3010835930
2472045552
59960617
2689298005
2349278971
2242138508
329900348
1242369955
515920372
2316402482
113457448
2421274453
1616305687
2456950844
1385210167
1669939615
2457222432
2222005818
1550000210
566910970
1448198551
1463606384
421608435
3235431080
2810427740
274539358
931003069
2278019194
397749422
18928662
65407978
1013770538
1962485760
806585
78211773
16680962
2556140593
1117390831
565131702
167333751
3020111461
361734103
565131702
102923689
447339589
118237954
324530256
959051419
2467268348
300547828
2730590004
3579932418
31446026
114023122
39132093
3324567738
23279686
3501086834
1913336083
1542313092
2410412666
1606305954
141086619
28543715
16100191
2521667443
342443724
119179565
291485946
312023995
440501396
750304093
724944656
3155115396
506904639
404898081
141647399
25144145
860950861
312323662
166478388
14298411
246418737
311300360
47536608
279042526
46022674
553248698
2374419360
31343227
313617036
2848245619
25678835
57182096
729923564
34952157
3299938556
46917222
1350382801
18731442
562958041
241972520
337505536
1436532852
21388125
1365540198
717158149
342930174
431877482
317242033
22830044
721063927
2332830319
15868593
269456734
1034430810
70050371
2905657140
2432233814
49467084
15844348
22150437
1928098922
469073026
569575347
186331033
35177564
62190014
276568754
60829420
431264944
3022948692
67756188
407863273
59784845
3002395005
1601595518
28295729
3223806763
548976293
34733538
35665723
896752933
2820711012
560523487
393820646
29373361
116633922
25105695
2387612868
560523487
856421780
16432052
210682993
523632645
35931224
455164600
3300651459
23850785
2556157358
18813844
148211380
2985167472
466221464
1546463071
1207369489
9919252
145022473
3191171196
49748004
27860174
3133648194
2689317464
21591651
2727409304
55303089
243328144
937720771
79362852
1689920359
56882801
49068960
2727651972
22533900
37801560
269411090
307102907
2355933535
45358178
38219049
3664549159
453731940
1378365691
565467790
2276934086
108542600
26139169
271601405
17582408
415091769
43433267
256776655
2839364910
2967388552
43802582
270870197
2935711849
116980561
1097098021
429990160
2235798547
31236647
560871060
537913614
7434652
3133648194
2348946866
22661336
764154966
433812009
51360405
17982093
1556830238
1708574479
321685807
27763417
3078612877
45030940
174142639
227451061
419224577
2994343458
2471222900
73044997
490538048
1948743295
1074201924
242433975
2179247990
717544904
2267833177
22146233
27951826
1520421865
3075753535
19729103
18542191
20010070
356041200
17906167
2180145679
1226740093
172150875
233807306
393811187
266175290
705413533
3108049188
3146029997
1970533477
548735932
43763392
24719945
480927465
2815269235
4004619134
293359272
2446607233
28946503
28069695
3318099086
2423088883
54084949
50130045
478979971
505218772
34067132
32350038
2419309934
376545790
21298660
1611949034
2360424528
258383572
399303380
1294147470
2223077760
959051419
3676392192
2585132090
92359558
18813844
637090084
75150036
723741470
2242727360
2990238180
2919605107
902983615
95600133
251492208
2873339230
1626645618
201233555
389753706
251963662
540107323
2875846357
327739087
20648357
54054599
3501086834
3675696253
489042575
9919252
25941530
2907721738
1116235196
412416046
431138015
369157496
916359104
17105374
3034098649
2244917928
21990431
2176628442
1927572523
50476523
392415495
1915341854
98691581
29125761
3283187311
3063967851
20259541
53268524
262392104
1559234017
902535840
404252807
2717698864
56318785
103685043
45853030
545606176
270091560
148211380
37140237
2867150225
1216923822
69148404
25538545
244701426
985911919
299384611
68902200
20183695
3328716550
2536162983
49147420
427008595
1250601210
935370073
456952362
2810679110
27495113
44794388
50555665
113557149
430550111
492863727
2240207328
66387051
842403114
182693650
342499183
21298575
11178672
229778029
2155786074
78702727
236815900
21298660
197889611
1924958886
348843021
1617056430
1149510792
454472818
451804709
351565202
2468940290
1115489635
3804313094
3249597607
382813875
23390520
270596631
152036878
601281540
183475368
19657234
85220249
53577121
1135599187
201551724
2945448848
225918379
2790803474
604104740
154257752
18066337
1554997728
2393646024
137245038
412825582
259038411
65171105
2811934117
21964913
100048332
2595487700
219079587
118745173
19622952
296592157
2355711607
172138272
705324024
7495322
1380384595
1535054335
985346636
2297190727
2521667443
806585
48939794
174432072
1850306185
332968381
172150875
2774684616
25894055
123790358
61294553
18377613
2150063106
2832264288
19939924
318203929
163465932
1355798900
2594308003
151303464
129747389
22699560
2192988650
14631848
1929107221
961457306
2379046897
565131702
327099499
2798328950
435466363
1360903165
328999956
15895115
3141113372
3320625901
189432780
2307678667
137188934
52639880
2574122754
155689319
1152665035
54334904
3267746809
2571662981
26288956
330869483
201551724
783883620
75603866
520896224
66636875
513864577
14789510
2366515429
1186956968
617871597
21186388
504805239
1093569487
350392006
108277171
25230815
296674133
55506504
161961126
389753706
2863738724
1942428762
3033997359
14984074
2362254204
7892442
2419469689
181532486
32532211
151974058
22699560
321819183
309938942
1274129971
297176412
1714346947
255623717
2857631750
144407121
2293578090
2235798547
299414728
789990810
930827077
900770995
67341985
933709566
249854777
742204376
51094587
10952642
68282473
776581
150894935
773661018
1431516528
285787060
22157598
67051180
889599440
53841247
5723252
19649319
2351222345
343527715
57976284
889599440
251962696
59649374
163590921
2463933495
285363980
56251384
363675789
1004511464
472580782
2415810087
53845927
219082688
123311336
917587909
243394343
2993887142
1699346395
1564796120
2531982708
2948655651
238349474
1228559250
2298428575
3000303408
294686418
2833366426
3425672980
55763113
214231487
2733027051
481606532
46417072
238622235
2564281674
30087562
1575905185
66030303
2801282770
3081298848
33216814
2465516757
2900740817
2738709849
44010225
4385227515
220541704
625298112
104359494
425267016
443353572
193162645
603249104
2909800203
281776855
727830751
514397514
145863162
348907024
2507295473
1632903408
3303436667
1632903408
570361038
341281307
543636281
569450510
843574214
365330053
2194967788
3387919181
2720250363
37512785
299970662
31154539
21823649
2425802512
355125871
2156327187
593327009
3060613193
1399383727
34157080
26174402
346905764
2196376618
3012963771
2723468820
153998008
72229682
50742720
65561177
164582407
3477614899
236183661
3338689768
303530053
1241883061
2290308154
57435072
103297608
403804246
165636399
406610649
764310858
2859703883
889599440
87584782
1083701072
1399383727
215812591
1690096250
166006728
1399383727
305995262
58266509
1632903408
68019183
600337968
2586823436
597741884
371305044
22704001
3123281252
316346552
153998008
2194963943
3013812775
777373363
3069063688
2194963943
30575491
819313032
2908200131
169795383
2192328599
143913915
732920094
3060613193
14194497
30135628
67199571
88245963
311715460
1059064344
2685213683
843574214
348218443
1938680276
2528170972
25092502
237265349
207753746
2194963943
1514292072
237359854
966113785
3170098021
311882870
34114737
2986434071
2987393164
750080904
3092515019
24681478
995886126
15702236
286964296
114742067
397424744
482920145
3292995279
2760336711
2211684241
588519651
3604779015
792905131
325027690
2578867924
415089506
49516843
777373363
3313173995
296071700
19366998
310513836
3046496957
1168771710
3775136177
27218014
44688922
36459910
34466214
3338689768
17984846
2234760486
143913915
36459910
1674421976
3406720553
260951085
843574214
3494030537
3142242153
37441293
441368439
119442654
346905764
713726932
633212336
25390127
2763067698
1544418360
413608563
718266089
1473701120
230378137
1624202744
283275650
2760760430
285687664
3290689671
1625378012
4121746912
388484978
314032218
2823543730
599265607
29242890
273207097
23362688
863903305
455811005
352828090
128634668
258804648
281214852
486202764
74315405
520844625
210471310
227165541
15421128
2254026541
326369033
226419215
2369253707
185194792
1832625205
34157080
19995834
1632903408
142088708
331338939
18923613
2441984242
367749792
57435072
2344412924
870902544
58926582
2826357843
3224661036
344512194
378713921
2466736502
323397361
1314554172
2444508157
325352025
234528015
2181272175
1311754153
579908618
28264148
7007872
13910222
26174402
281241701
3406277472
1291893271
30263926
197251108
3161554770
3241247205
168227814
3013577128
33660853
344512194
3347565663
181854469
30391094
902927329
1714364792
153998008
2194963943
297766143
2307943761
1477494842
1453189722
552861267
276342836
41966508
1961668454
764310858
1391171251
1016301158
171685098
97976002
96481472
206802620
40040533
324111234
155048431
1180025371
227142459
324787428
2174426269
356459168
30806389
23510058
175126041
395609370
38898451
1180025371
22453323
1180025371
110412332
48380469
1180025371
22966969
143665730
395609370
14750909
369686684
29352296
302047941
81913437
22453323
365262128
26148322
1180025371
22966969
22500117
27603
2818192283
250394733
76409957
565610201
61090301
20731951
20828529
40246106
251671827
6060732
64524078
3079887585
229951244
1697184506
1628579149
30965856
23130098
115607690
61629046
373426586
2442887570
106487111
286998245
23561062
19236901
3406003583
15231855
2744693471
587847021
172205053
2598962591
2979287105
518987297
309952869
117649981
588733398
388069380
54305528
549781672
401231179
106487111
2203646553
3004748783
546099049
474265116
185372597
36807506
24559303
2340953448
102540879
32281198
74087670
18457530
521312725
2734502159
2785399922
332125715
266358542
2850779936
154252395
370923095
53242251
2893059001
2709465584
271487544
78669249
2850779936
18163032
2900668314
2410950391
16921460
218633241
272621799
46746957
265448908
15999017
933341930
177591307
163571411
2726421375
318197389
2954345123
19800182
329752845
19864877
253770829
3281318982
531663732
54752569
418214556
21806147
132332780
401817970
572741559
424801266
2528383177
2897967687
205101915
359067286
380625543
27646716
52490295
55920135
474265116
242042658
93430666
2870743559
323586967
2314556520
93480690
176898314
267955042
60983141
451069128
812562650
86304270
3091959880
236102373
31176167
10802892
2174724732
570882575
120294148
3081167748
267955042
358164418
422206082
2708199328
61418929
3129855322
49053573
736001940
144703412
158817722
444206618
102540879
124313023
2397840895
114050808
35866054
2442887570
112875594
2897590144
423944978
42400372
15803414
558687637
1433138292
155441067
305266550
498852873
58373626
15446531
329310886
111694550
570483035
102540879
46430112
6361512
2176361229
61629046
59001360
556051960
55920135
169062735
240859380
2796179556
380625543
55920135
268382239
359170372
592968622
127041643
820744956
2446034420
1877789364
3389623685
383542263
257235244
1173160254
995447347
481389375
502224365
449457258
54752569
220794446
335600139
2166734691
3273642055
161779503
372394837
17348274
420057347
62875538
163571411
17513369
422206082
2275848951
484008617
19071414
28779470
21239740
32534214
72473481
169256465
55823412
26411935
28482546
182208659
1308730622
26856600
89392518
36477088
261469386
65903086
117790621
385207360
43808092
17569814
51310859
194806425
170857193
47483514
27364486
55823412
101955989
185503803
431218347
201142146
265090483
74887118
293652606
22155388
27826516
334720732
20551151
20888624
335560409
2418242604
28620145
3185874560
343658183
2590124647
1018358917
2562564776
2725002757
3197525124
353929270
1959579655
767175066
3847462995
431218347
344099488
81418575
761631414
2538735522
1077644196
2873365313
845902645
28482546
2579119002
1056367896
254857834
16966855
1619304181
3015794610
320476588
29142962
332461384
490573008
2606683628
181675998
2656081263
101609096
859016540
2472851922
33572900
2954050339
801528228
53278271
1553459383
481695526
532760880
3161771586
222809016
2907702350
440432097
249818911
3269606377
426226006
3178712028
1048501484
431218347
310655866
65219597
3183134156
95343700
39425833
544262405
33572900
103483177
312882032
2810009016
465325137
92781609
21618273
620583363
2596649726
99709839
31396920
3151911001
3639939252
3253869341
2992511184
634309295
1055826721
22485197
2546736998
107922886
169183391
310537887
3463194074
3362389639
376491731
619520878
141302910
115760481
3074721146
1958367018
3120110509
29833261
295519759
237511292
323799602
546532110
441578682
473524022
380041181
2559618834
2545229915
83444111
3062795118
2961955544
2950587583
1687446378
20564875
307419746
318261192
1109678592
2614823933
2245839188
458844652
378040262
285910589
3315143322
2945884190
565749703
35223003
90727038
944170405
2266690374
2851379804
390532755
320871046
457614488
2725002757
553046120
251978631
140910618
2474743944
2374297231
621754277
2459191411
249818911
1084750934
2192569404
571494158
279403436
109489681
720526182
274329154
1494723344
3868045213
2232285235
3161771586
3198073980
2209833191
3085392798
1217043228
1140814776
28620145
4327719972
100346356
518077736
119260287
17755895
2423770310
538167099
3241922460
112426590
2945460686
28991892
363911114
3420940829
1833228726
48148402
874728650
124021956
2823288654
1177034606
395000687
189784758
3257222641
2864014029
35640536
53617255
2393476729
1025345443
1217043228
720526182
2584056368
613923997
3378774074
2671414284
3247318387
2204316505
618364201
139152112
454225395
2371205894
2546736998
29971681
301849626
1970051270
22485197
1592149854
968150688
2181423948
2638682712
271753827
2546736998
2823422893
605023973
430359645
2643233636
3092537972
793021992
121894063
3750594554
494598193
1853078750
758046642
2505411625
45976679
77656041
215470361
143988358
467893896
600358041
471716704
1194863748
2401935481
2784463717
3420940829
3432754759
454570742
23240185
416668015
43741611
38020938
328416561
22485197
43199425
2423770310
3178712028
426136715
43404825
337482254
1833228726
2873340573
2959923153
4121862141
313475569
619520878
510879933
2266690374
559704841
189596354
1628316638
309899375
280270500
359624930
295519759
1143715010
98762108
236636370
125700878
3154262443
481695526
2283093769
88199557
2854877910
89553469
2588713344
17725964
3674373554
33572900
244731362
418381234
27107787
104751223
292741560
390503601
1117390578
2202443228
2464090704
68045985
3006119346
220587457
2612125224
1434009054
158619737
3182509801
972401328
14728942
258414812
2588713344
2187275647
133071818
95729357
229754957
571253557
37145922
3321405228
56038687
3238170660
3067169755
322318102
35223003
630076238
444231871
2949439387
3061954010
360621468
788278777
26936329
293264769
1958367018
1643445312
739930230
55122057
635869714
3009581358
1388233718
467926135
868867394
2444113800
312882032
2599406288
479951576
311280904
3301359961
1690042380
600743325
2890092445
30882034
2466325578
3037155091
1119550381
1092164558
167201790
3108066592
24492629
24216455
575003829
15109374
22873671
515023728
758429786
168829243
1305105146
7891552
231988755
2654437242
2388434659
2478847537
28620145
565975826
1005506930
571253557
3056822545
56222452
276734146
2960299507
1332489720
1735307196
172138272
2889118320
3315143322
258641669
707429365
312882032
457681509
2845736433
98534927
258652797
3275087322
258561642
1319622457
400325334
3134234846
2312799348
63509170
430937136
268992889
1349588666
2676506603
221041116
21568228
19720364
500281185
356840344
995727188
542685193
290830699
2823288654
2546736998
3085392798
326453786
21568003
1146743220
2784463717
357318236
3184578320
1671047233
976784540
2897740855
3750594554
2283108960
2321004153
106578261
2602042045
394663089
2337458550
570449099
43924376
360209822
631696206
2716207674
152882046
17527792
780666924
147891740
1347311120
822582432
1957765986
2269635098
928452481
251350138
299185676
2434851493
285329644
3384259090
312367599
71825498
266674315
309570635
618364201
44273956
2432816647
2707951062
1573536547
451777294
169183391
2616212275
1090910460
263913649
2722672978
2289858816
25220522
33450330
3105492187
24312330
2263659294
151177205
1949529325
30497899
295945706
38020938
2811464724
4024935019
309757465
3193569398
315896103
1077644196
171189702
297252157
258515525
293652606
3707683034
24175263
3302697102
389843381
616086985
3305773784
27713668
3731519112
3253937041
98416102
879317346
2365040767
2540491146
3095235228
357254301
704331469
176981297
91229769
845902645
711937771
379892972
189596354
99709839
397865244
2916098084
628839080
612830743
1014379171
3193660339
2584629006
2396658013
572157228
1471102771
2622290212
3006896335
2380912490
1332489720
481695526
3323484228
2713002602
1661555906
357318236
2833495237
314843055
41233958
241621002
2833721452
2574905732
241803630
45976679
341881099
13749072
441578682
593982131
991108712
1270835034
19038266
2735569132
322504884
344553343
78783056
2463914653
1958367018
1090910460
321108490
1969780213
48264753
2151630596
606800538
314843055
2502894018
720526182
2197491561
600358041
2691375763
103483177
218253064
497512937
191160825
434440174
516885343
85758461
1056647594
2924433468
28482546
3231830448
169183391
3161771586
2409713946
15109374
108363481
2614011824
28482546
19192806
263913649
420467767
634746669
611305033
331916965
2735569132
2604573659
2910361058
464250240
40406422
319529208
169183391
114870635
3743061433
1034940228
305956640
27284261
279846005
130215859
309865030
277276898
286757476
3178712028
596759078
2505359724
161123795
186552698
12640502
1109336737
246368513
280315048
3206721317
2921277666
308888103
70165153
2820185434
763187347
312876522
370996627
2269331996
462887943
4030500494
297252157
2373987727
404878140
23256423
546225760
22488346
13490682
283649749
71942673
301211547
197473498
64918415
301122705
1407925484
1397767586
346683253
228970095
2918241822
109629817
3041461475
796323606
17994509
71888447
81622836
155303048
158408200
16878426
3268559538
338063164
204496162
146503710
1441635636
29642001
1342734360
1107876078
343499804
3112005175
2389614774
182278960
633866072
245152688
19534331
333638824
3803790492
2231994344
217199166
467595115
451153126
21423160
1596119844
4257723133
177371662
52158124
1397767586
2154459728
1342459706
304188561
1397767586
603246448
335098507
80403579
236005956
3033519901
182278960
65825784
3268559538
18194157
49224321
26656895
22144631
18194157
53051718
309328611
2830705318
352190844
21414898
705533
164492323
80194900
378258491
1663242924
243087759
25682366
62098896
379928655
275799119
872412331
21422384
249404669
216637821
18079090
2778071357
2440506118
30149037
78995297
1230974953
2494844652
35860239
420093274
563319506
288424741
310914833
241562484
2861080787
23119484
2948366885
51674513
36209572
36209572
1322614885
2750935724
2923927491
732019656
446748105
286198788
305735016
1531259730
17478047
2664147602
979474380
353770304
460583959
65650014
513440392
367781468
358480328
453264952
306537499
1881663787
592214809
276274981
180997981
2664147602
335400247
750906824
53977120
2778071357
37522572
586866196
135053924
288424741
1114396453
455696255
570993750
789192511
869169337
198323758
65528177
240527624
21835152
2294870180
2163564900
23269092
7356902
2218006096
2194610792
37712997
110574312
2335719458
793777357
62663287
28695320
16130460
241559681
320457185
335699476
69653707
4025722231
99804107
144326190
155680276
450295314
283789322
27141254
283789322
636231002
270455480
14364006
469604097
755019
755019
820948597
189300417
363107569
2731662654
14364006
330134268
911548656
599877855
144353944
3315585125
14956908
469604097
483560879
258907612
355530475
611773761
2843895727
110575320
2841269945
5406692
214741113
215781088
1589792203
56912060
40651008
1549340646
437861753
117907604
101679798
2697027187
445180186
2477612166
373014412
2881359650
103958348
365599693
409687415
2716826415
3140255840
53525490
113797277
29189836
51451286
57128926
714664531
579756775
613548540
424400116
277764780
213448436
3119568951
2769938445
2507467461
181897879
2205748687
518265786
390790592
31034459
579053203
291417208
46587084
274815257
2245534638
102389602
1413534834
2502850311
180635668
131748011
27549345
257632377
496637276
249405759
2413188134
30329352
827806148
363771807
1873651993
14590010
53144197
2581341624
14597039
445180186
384092574
310423087
61682364
2959584555
1866008623
51928800
2246418820
2153507795
1064497856
295472855
2291775919
208856700
131060568
106259338
51802700
132036630
180635668
132072053
2694582517
43807281
2242810616
2796709771
357843996
2868073808
2194738604
548903154
556033862
507012010
160701954
110574912
18021656
398792934
71765640
71765640
22787034
2233091965
22789002
867003740
548903154
118580723
22790307
323160328
548903154
412428445
1167473856
258556959
1408073078
1408073078
156712167
28720800
173164866
271748982
73184004
227927323
259911113
1350450668
28697104
3161598046
167185836
28720800
513979610
2348856350
249858456
421095102
71765640
109548046
16029971
16029971
110574912
260037943
28697104
71765640
2830095038
262514906
275753844
1408073078
249858456
904957104
548903154
395473727
615545507
3285732008
2830095038
62220911
71765640
1107710798
21976876
203930370
548903154
18602876
71765640
97509872
2517890598
71765640
2855771121
186166875
22787550
71765640
2830095038
316598297
410490421
22787550
34629788
1408073078
64598109
616625480
435366074
71765640
133479074
460460560
1268570983
16677486
71765640
71765640
548903154
548903154
2929142665
56306443
15249529
472495386
993601346
467114828
1446961734
36240889
23227508
113134444
548903154
2830095038
25901248
1408073078
22787358
159330349
769133520
548903154
921404917
452555050
454500558
580156207
2776752523
967572642
454558780
446839297
14298170
826455024
21035742
24515298
520665216
28697104
23705698
2776752523
182124173
12771842
29316952
15644785
2830095038
2421201893
23373771
22787034
548903154
3161598046
211371620
1408073078
301818104
47375301
2841269945
456080828
723328045
20741776
769133520
26094961
865756675
22786227
249858456
17134202
23513019
548903154
28697104
46556347
33815474
298875303
183322216
54446570
23142016
2830095038
22787034
2233091965
548903154
347071497
128778794
47375301
548903154
128778794
548903154
16490515
2265339776
22790307
138169041
20681579
68447186
117842462
548903154
290605961
163502500
28720800
24712907
28697104
300423012
485013829
485013829
33349933
38978761
3161598046
1408073078
312222960
1408073078
71961377
551907580
4244221
71765640
23124235
1408073078
82444599
2830095038
1408073078
28697104
316598297
22786227
548903154
113684544
71765640
163590921
3161598046
1480706822
337212001
71961377
2445862754
22787034
2327706649
71020720
750120360
999928646
113204619
71765640
99948447
243023901
163590921
22787550
22787034
2649107719
110574912
348760376
255857516
791292943
23056922
1668987979
485013829
22787034
101853577
596075274
51172702
22787358
413571753
1045746156
213166380
335719570
22787034
278260102
210518721
362899984
22790307
28720800
863784085
1408073078
92694193
548903154
464360103
1408073078
548903154
29753270
22789002
71765640
2265339776
548903154
10929522
518226713
193172971
8797092
3161598046
3161598046
750120360
3528106095
28697104
71765640
71765640
446839297
377789145
163590921
330635840
22787358
263418478
3161598046
21882882
23056922
26059274
330630701
1408073078
612775710
15027032
28447324
1408073078
109548046
22790307
22786227
22787358
3981286753
215307457
549861485
2270260428
62633676
2168747791
1480706822
39838415
24253684
33816984
147695147
9008052
73182240
1363134014
133479074
563319506
71765640
33770230
312222960
322439994
475434925
1668987979
1114403306
28447324
364105511
1408073078
1659786078
249858456
208853846
145024170
1337953628
99948447
22787034
342514332
750120360
249858456
44110413
22786227
1086989754
23056922
110574912
1352829204
249858456
71765640
22786227
3161598046
2426082024
269404046
467114828
110574912
145738191
785315365
1107710798
265708528
548903154
213358600
28720800
1408073078
1408073078
543754370
53848598
17485478
1611555937
33359412
769133520
22790307
71765640
2986461545
20965227
28193379
481492341
322439994
458790753
431982138
3161598046
20681579
1637074716
22787034
23373771
22790307
84310947
3087688510
22786227
1408073078
861827743
1415039304
71961377
22787358
321815089
23056922
548903154
388071333
43943983
1408073078
15581614
390860072
158033351
49425452
249858456
22787091
213682687
2753407309
373095204
517569412
214812537
2896941082
71765640
1408073078
259585435
73417994
467114828
22786227
2999125707
548903154
361369958
2830095038
781474896
548903154
23614001
15959762
83659086
102231887
2270260428
112305266
71765640
24393424
249858456
1408073078
768880238
2729292082
22828648
22789002
3161598046
967572642
3192479929
14127540
402253535
2986461545
71765640
769133520
548903154
1140926648
3161598046
41892175
29727996
1408073078
246963693
3161598046
19198583
2497000586
2329212822
1408073078
1408073078
1350450668
249858456
412757113
214571169
768880238
3161598046
71765640
24385936
334265701
548903154
71765640
572171275
106581498
3161598046
2580992600
1408073078
324199872
71765640
170193752
167131479
21430850
21870485
140610528
390860072
249858456
71961377
889599440
17450807
3161598046
1396037845
322446961
236148578
226991474
27781753
71765640
119913678
201726857
71765640
28697104
1107710798
77589345
3161598046
576785862
193103595
2292863506
3161598046
485013829
1408073078
183678399
731027906
183322216
548903154
548903154
27781753
824136206
128778794
61326241
769133520
97509872
365185765
467114828
15222229
3161598046
967572642
733142784
548903154
71765640
24712907
3161598046
71765640
769133520
1063445186
904957104
22789002
49874628
15901613
769133520
261012402
3395987146
2265339776
293681272
1931674645
548903154
2986461545
33558682
1089661058
71765640
33815474
1549493052
110298400
1408073078
35498759
26618320
71961377
352577580
3161598046
44954240
22787771
249858456
259054881
294755220
71765640
133479074
136827467
512752670
71765640
640093
478267982
769133520
474194781
85171485
2752575748
107602736
22786227
22787034
225969957
22789002
1408073078
467114828
548903154
54763742
34629788
110641517
844823611
467114828
32391197
22790307
59383380
38591439
3350374132
159330349
163502500
80184273
548903154
46275904
1624219484
1408073078
1408073078
186166875
1058301283
36925715
77931370
110574912
769133520
249409416
3161598046
222741531
768922333
548903154
93880535
18021656
548903154
18021656
22787358
2830095038
21976876
469642957
269158030
15111584
1107710798
1312631647
390860072
788185812
22106552
864204950
24136285
106004883
28485177
249858456
469619611
41005001
387907928
557358860
244626937
3350374132
3999635723
3034955656
3313262601
1616875934
43575310
229170483
3011234974
3306514502
233248239
560770754
3613284975
261698166
323247754
22106552
14203269
325434042
309363210
230021244
230021244
263989443
24136285
1103949511
539539429
861671874
3011234974
325836742
61909466
243016505
2718680582
1537871466
2512640725
3838418728
3838418728
213643901
390779199
576659045
22225657
1547636228
472861419
6742592
785936664
556518204
1879847341
77854138
2372682110
89216149
1071664981
556518204
592105375
1329767522
2779882766
597967132
716814803
344793350
2239959426
584244884
169818796
399870553
416306649
114615070
24199683
336045945
4203820859
3350374132
818167730
2298468813
1574447156
1602646602
138576398
2458890480
261698166
22030016
86584697
3434680253
133564736
302877177
620443224
2934759383
4260418749
1950980395
2305875614
430166027
120845339
172852782
1629417438
398737761
86584697
34242682
13352392
302904519
321715703
357078619
447396841
260573942
26350974
623027771
138186184
917589055
180919470
3380950427
417300721
861671874
1220073613
599807682
476102612
2934759383
1109682882
459263017
271651446
86584697
238684139
391529570
254519515
258650141
630572726
594997961
393625359
242880980
16101182
385169975
380052629
553971005
25398822
408751615
325434042
269406512
219115571
220089757
496587546
51674513
51103312
52711285
2421201893
22106552
285080511
126673678
230021244
262284354
19357386
750577734
305144893
411564942
32051603
553971005
161506149
1920558732
261698166
4449576503
189591983
318980445
27279153
1257252464
170896342
400497308
707160120
11009452
58882633
249858456
15505472
429242461
486230218
246514545
249389742
3011234974
467588586
294281629
74838836
332774738
252046669
252046669
436118940
3333339190
3333339190
15700631
90637438
3333339190
2539288859
730705100
107000308
2922482603
419892969
1873009891
163767763
1361824520
1337262306
196297605
1361824520
407389651
3413903279
154376200
3011234974
47873612
267481066
376332532
751829623
16101182
171781189
753185226
346989015
121884511
234448443
38875298
3087654821
3011234974
172566502
1972579832
3883408173
95161324
205862669
2522317282
2779882766
32051603
3289154752
448513832
2825279890
269358229
30994836
106278547
267481066
97592646
163919957
51674513
28740384
132349801
430349721
1537871466
470795963
1401068173
205862669
2458890480
924143202
17823150
60688415
4260418749
222970674
7480792
66152344
195734400
28720800
469619611
16890188
800989236
1102999687
32051603
113386792
46977570
395067880
292542639
36988702
1616875934
464241101
1920558732
243926330
50318246
51674513
147055493
23887551
2436264105
126372140
467974787
136098890
170921852
3306195556
1944653858
836100816
469619611
18015221
395016553
26603441
86584697
20396060
16659265
901973257
1950980395
2786108986
3087654821
65646983
93272308
118784702
114106017
379924111
107495679
164877604
16490515
3299579183
134812110
1442026220
4530661
2388080479
134208336
18777931
161506149
202848219
373608571
64292878
178443979
187900962
811909218
2239648838
2329212822
479663822
330524784
188145934
2437755679
750577734
472861419
394950888
1537871466
753185226
523820254
2445862754
438708735
90637438
2515836988
335654799
16304290
1220533022
236614398
237009544
2826029896
476102612
2178041006
252799131
2329212822
300835795
29392594
1616875934
44994712
266985397
1012038228
324199872
376332532
811909218
272768817
28663417
2334013894
975911748
111110897
2200534962
44498068
129387109
2696747442
324680870
137089082
107402836
455822178
72214143
69624888
255690259
107495679
2916055044
523638753
304154528
412746693
312498022
481424462
2213119487
362899035
1157543995
469619611
1242732601
90036756
2388080479
388573330
1103949511
378826633
2221893008
1473564528
420661936
2866061243
393777369
361375336
137083819
24379776
297088110
213358600
330664995
2934759383
901973257
108314159
368038252
584244884
707160120
15070140
114106017
151893980
405628187
2315715362
66152344
212378675
423037952
2249529330
1950980395
977148912
212378675
8302032
261698166
170405686
2775509551
243926330
19505999
18845202
408121047
229170483
90036756
83489793
325183872
605966505
86584697
18845202
266985397
77696873
103669585
321715703
321715703
258158012
1445129924
3322062481
17879081
15505472
18331990
545987244
255548071
307549727
604862899
230021244
3946234995
325434042
3011234974
59282615
3011234974
126372140
1833304993
338426561
553204468
985163066
566910970
616828594
302904519
107402836
261698166
41005001
439810260
43575310
41005001
16101182
405212363
16659265
2718680582
445019796
4260418749
16136933
31350221
16700029
32051603
27279153
4418462805
310995379
41151264
47684276
98516731
1616875934
230021244
23630477
218755794
188145934
548112201
314263997
558352530
93928889
300544614
220089757
3401661785
2279381941
2905141188
3894985599
32572671
321198929
222970674
96329902
46275904
36198213
144979379
286323934
23017082
25398822
3272263916
1496574241
229170483
957559627
138576398
2964655091
15750943
2934759383
267481066
2298468813
7913332
3835481416
87691397
368038252
50083297
407442016
3011234974
90036756
2934759383
1606235576
716814803
227056886
34282890
1160609119
3011234974
169818796
2934759383
399675872
130533766
412744933
450314534
2213597802
68730374
205862669
9892112
269345162
258650141
350626019
2268062908
36563615
1242241314
290842329
2784527886
27926788
27926788
753185226
408896864
277614219
380609229
1454356260
2900783466
138350409
763587950
2587890984
1191055789
222970674
598829782
62372941
3008273859
118784702
716814803
1705567368
1445129924
261698166
114763289
287057441
2515330628
1113520525
3044898467
102569115
2269638845
45001115
16582021
222970674
466816938
2784527886
18709482
169818796
527147641
231113186
553204468
161897948
134208336
417241706
416306649
261698166
627833105
459683131
22106552
511030602
117540010
343123410
751829623
1071664981
227056886
804387072
3249519554
387907928
716814803
623075667
53088293
2213597802
2832403102
50752147
599019336
42611355
96165561
246542706
310682359
242490957
25140635
90036756
92404289
482034833
54385947
15401058
585300841
170929185
560683294
2445862754
35646496
419892969
187900962
90036756
259054881
259834475
2798063876
44778868
113422063
229170483
256970288
2186421433
27947045
86584697
417241706
391529570
101007109
3011234974
862265516
459263017
539649808
2905297468
103422354
1454520463
3397386010
2739373539
36240889
15505472
2258283811
822677120
39776402
2522317282
34282890
443272881
331405551
1018629450
43575310
55740205
2458890480
134208336
73482069
3366942329
898963740
1723415036
381530431
609961418
320932168
242880980
2436264105
3413903279
107495679
263989443
748458434
253287607
346989015
9892112
24379776
114141993
128302847
363428724
19216361
559640044
2200534962
2941019255
567764722
309363210
34282890
137083819
1028171
255690259
16101182
1950980395
17836903
95060315
273050434
4244221
49874628
3819921075
399675872
393777369
2458890480
314263997
325434042
3625302976
753185226
431640796
748458434
44778868
392102500
599019336
17375300
44778868
419892969
417241706
167948209
132789837
2790866690
2737485550
824021623
164877604
818167730
42611355
429966490
18777931
309363210
198639870
155106285
811909218
33735675
321715703
113286944
1173584454
272768817
521372451
16136933
170896342
3413903279
47238050
39852771
355681281
26824854
2759939019
178555646
3001158435
38875298
54385947
1287254881
19357386
19357386
418795913
50752147
619420404
455110295
158788504
41005001
261698166
261698166
325183872
2216953292
1920558732
2908442306
26824854
3930766234
751829623
25398822
128302847
835931426
267773146
346989015
3838418728
3046774057
2298468813
751829623
225561685
328575167
101659506
163767763
91616839
237766137
1935797468
32051603
314263997
49113686
1157543995
1950980395
2690792306
39133657
533595397
386680064
1012038228
260410314
390330319
484384418
2474858965
15401058
25302470
3022628077
32051603
188145934
748458434
16101182
1581482168
2298468813
2421201893
227046296
263989443
113041293
3306514502
24924289
2253263156
10535182
391071169
2982031396
3025909208
454384299
361970258
236614398
565944843
285080511
864188035
891739904
2535296584
248443262
3842377820
349171703
834516132
27781753
451056025
14255877
1333158836
91616839
91616839
378776285
1920558732
560683294
377678656
14858064
588654279
1537871466
1128748885
155106285
258655237
582381664
1873452980
267481066
141917165
1047186505
15201878
309363210
1950980395
1920558732
553971005
1613132089
872578075
872578075
161897948
375213527
2587890984
167948209
716814803
93776577
555502498
314263997
153860551
68095938
1537871466
77854138
187900962
2767627264
1055889812
263479103
459263017
36198213
454384299
4260418749
2934759383
41595808
1056245630
28863732
230021244
1188355562
2660888201
364142213
751601978
156735510
3808485974
412746028
455822178
53593164
405628187
30994836
27536391
1950980395
2767627264
29701286
155106285
516542206
320932168
1018629450
800989236
472861419
472861419
14241965
32051603
1401068173
350626019
386653098
15816270
543535139
262474176
21965433
847669500
32051603
991167571
35646496
1950980395
379924111
25398822
16700029
2298468813
15700631
2298468813
261698166
486230218
2767627264
25398822
348899206
901973257
1920558732
636259945
326613112
91006871
3918536495
3011234974
55942156
41001539
636259945
835931426
636259945
434547238
181869416
1950980395
2389566820
2718680582
172566502
90819003
314263997
54885135
119203478
923490246
314263997
22106552
286553443
32051603
451056025
171781189
346989015
387769387
2778483555
114544149
236562313
3448868847
255690259
267481066
1242016718
60208504
260410314
310995379
261698166
236267545
523638753
1579698073
230021244
63777006
32051603
818167730
3289154752
3289154752
1240685208
2148815182
44524967
2279381941
10626512
2176160381
90819003
724730664
2269638845
434507710
310995379
52818636
420023172
267481066
459683131
247543375
1442026220
1035800754
1912562802
261698166
263479103
254665444
153597985
627067379
1950980395
133479074
2767627264
426092732
1602646602
376332532
60448401
232459470
1103949511
310995379
26310645
90036756
163919957
16136933
3929321962
777332592
1602646602
300679235
17331419
212025302
30994836
240294569
113041293
23630477
811909218
261698166
2723141307
261698166
553971005
469619611
1537871466
237089786
21500149
220138557
476847231
113041293
811909218
1496994990
291915988
9892112
14983176
571713605
261698166
459263017
62472985
281232691
111481111
61559411
26650904
3150447194
170896342
456975307
59282615
2436264105
701615258
314263997
314263997
1704659352
132421545
553971005
95161324
2708483147
240673859
454478781
325434042
3011234974
249858456
40329375
601207545
52236935
751829623
2213597802
22336858
398737761
366291413
1537871466
20965227
2790866690
3347086018
455822178
372020637
286865959
22106552
412746693
292544421
2237359943
113940756
17274956
3011234974
2577701810
572038944
22031776
556410229
95161324
106004883
187900962
457944993
3011234974
314263997
3011234974
25163940
70641240
261698166
18777931
3660428592
15700631
302877177
748458434
2344295580
1090458745
2836271272
302877177
69624888
16440703
816223837
3838418728
405628187
455822178
1191055789
155106285
3613284975
275276167
22106552
381260516
82523754
106278547
2718680582
247543375
585300841
18777931
255690259
270139204
553971005
25140635
403055497
858917017
30994836
30994836
50318246
309412866
138576398
430349721
1418268122
1181488999
59282615
585300841
480805219
344185940
26603441
862331528
170568668
26391650
2445862754
554755211
1226341855
237089786
439810260
18845202
198680139
86584697
589396894
2767627264
31350221
357198735
41005001
41001539
3093199786
2800997385
407884293
238684139
24574881
51674513
163767763
593008940
3011234974
421612009
2932059574
304176074
376332532
381261910
68095938
34004343
2975422367
1009188583
275276167
835931426
2298468813
553971005
2753407309
403055497
348899206
456049311
72046929
861671874
114763289
1056992688
412746028
76516456
211371620
1229179116
107495679
239388148
93272308
405217931
1191055789
349886931
1950980395
3011234974
1950980395
3093199786
325836742
3011234974
553971005
467588586
3160544654
2934759383
263989443
23630477
59228855
2252554468
41151264
137083819
89772197
751829623
392806400
346091026
51674513
18015221
2458890480
751829623
750577734
260410314
161506149
1614286616
469619611
330524784
41151264
421454379
440555185
2315715362
2856182018
1547636228
187900962
469619611
213358600
129387109
3289154752
167974813
141426117
4147453092
919992420
103422354
24136285
1209948427
120845339
22106552
2377691191
1342601940
27947045
319357920
3976171755
158788504
352138220
53454111
229170483
314263997
314263997
482034833
314263997
36240889
22106552
156331045
482034833
502264338
106004883
2515330628
592105375
2826902816
9638102
174129112
3928049181
469619611
17047238
128302847
811909218
104684942
258449406
185414991
346989015
3791139197
361375336
336045945
77462752
370932158
132421545
476305050
871266132
454384299
14163819
2577701810
33743851
573311397
220881672
619434898
25140635
969070645
455822178
275660335
1456075993
2426241602
3434680253
1586843366
366291413
861671874
101396289
188145934
1321575253
267481066
2866676878
1616875934
213643901
783335784
169818796
174766443
286553443
816475308
1950980395
1103949511
470795963
326613112
1149287226
192436722
1081058168
475360630
898943077
2963086193
1910412596
1321575253
53088293
477210919
431029490
4260418749
704154205
2298468813
2458890480
2941019255
716814803
16442550
355681281
261244242
54033431
387752911
32051603
3011234974
398792934
559995372
44806675
1482957900
1547636228
300544614
22135559
110010893
2458890480
22135559
1586843366
321778620
2522317282
2775509551
141917165
430166027
2587890984
3011234974
382960826
3712934775
90036756
322861210
16960708
267481066
991868568
22106552
1250697416
261698166
272768817
924143202
586940850
2213075259
114106017
472861419
2718680582
2718680582
161802070
285147727
636437692
314263997
2718680582
324199872
16700029
3011234974
3350374132
4260418749
364345168
1863735108
188145934
382188078
2150882236
22106552
219686978
201448133
201448133
417241706
286032601
2186819470
143652574
1950980395
800989236
637218192
2583234214
1950980395
480618100
187900962
52430230
230021244
349288520
164877604
301718819
222970674
126372140
122215323
41233355
412746028
304176074
161802070
405322306
229170483
263989443
191232121
9638102
35646496
50333182
487122531
557359558
3846988241
16136933
2795172456
2587890984
188145934
111732248
267481066
3011234974
120845339
1950980395
527147641
17449507
26734988
2315715362
3613284975
965425614
403055497
21363585
40726204
2986326827
391071169
707160120
2573297118
3289154752
326613112
703688545
346989015
543535139
13352392
539539429
170503091
767447575
14343096
365818024
2222546896
2256808319
616828594
318980445
20378789
46641394
924143202
310995379
2790866690
390779199
2436264105
3011234974
1418268122
2515330628
1071963337
357078619
382267527
3434680253
261698166
14964567
393777369
242490957
96208915
2222594068
42611355
780264936
1873452980
276225140
13352392
2660888201
34730840
50083297
1347981132
496260764
164877604
325434042
459644240
2963086193
393596209
362957100
748458434
195570837
533741585
110431813
114141993
2817553108
1103949511
198639870
3070245230
535936403
1705327946
45001115
606424963
261698166
15784129
2583032838
176656212
147055493
53088293
254383391
318006218
178218925
818167730
21965433
4260418749
4260418749
1833304993
251357024
1704659352
36240889
2934759383
1128748885
1606235576
2567959211
560683294
257602858
629439203
1321221516
206868920
362498678
1012000992
667623
223023553
280362781
126044381
170896342
616828594
482034833
15401058
486271889
28740384
90637438
748458434
147055493
3838418728
196297605
3322062481
3249519554
620370572
399220472
33301415
164112080
4260418749
143511931
2447083920
863784085
18777931
113286944
420692288
3254093499
39220879
893980795
292542639
1833304993
1093252093
16700029
426810998
1833736668
553971005
53088293
1716209462
748458434
4220175022
64889587
15505472
523638753
472861419
459644240
811909218
365826104
16960708
2279381941
384985214
3279172635
22718844
895584210
412746028
2165863838
405628187
170896342
748458434
32051603
46782467
352138220
161506149
260410314
22922379
2298468813
93991663
344200535
426810998
377542721
2934759383
553971005
1618220948
82819022
1157543995
423773318
243926330
366291413
1950980395
16101182
1950980395
22106552
27279153
2855100702
364142213
24411046
15148349
53088293
325183872
408840220
68095938
3838418728
441994689
161506149
9892112
33735675
748458434
254383391
277614219
90036756
398792934
27781753
480805219
2691443672
533741585
864188035
134656440
1920558732
3471136456
748458434
325434042
323546408
42187766
2458890480
495161922
495161922
2342284238
300534119
3471136456
482034833
3046774057
223844165
616828594
1074914916
3306514502
24924289
407389651
22718844
2640998868
460651148
1910412596
199237127
205862669
44778868
368038252
445019796
75412378
16136933
3306514502
568771064
1950980395
477210919
1220239284
205862669
12659072
2539288859
629737742
459683131
387907928
36463912
421366562
309363210
3448868847
419218172
2473856479
3306514502
171781189
2283790430
24774965
187900962
1401068173
459263017
581466918
2793085719
459800717
309739499
14163819
1656396978
2718680582
2462432005
325434042
16700029
15401058
19357386
3745231589
50083297
32051603
260410314
560683294
599019336
168324094
129348021
225522130
476102612
269345162
1950980395
4260418749
114615070
18614998
1240685208
90036756
1047186505
370261638
222970674
91863173
42478234
385169975
2298468813
346989015
321715703
390330319
1535407052
477210919
1547636228
3420363905
444247146
198727483
263989443
1094168190
45248590
7480792
2934759383
347893484
454384299
42611355
815061540
46782467
2515330628
34004343
553204468
3397386010
336862841
27279153
3677188943
132789837
620370572
5552492
162832823
32051603
748458434
24078609
16980891
581205518
302064090
2243895201
623027771
53593164
205862669
2437755679
2679716525
1873452980
288204640
564988708
141426117
229170483
205862669
265538278
327204933
785542598
1361265830
1128748885
18777931
1537871466
480618100
310995379
560573206
1103949511
363428724
2731083879
222970674
3393879473
249283647
273050434
332375299
82819022
334749151
91616839
1950980395
1016422880
233045771
562194025
132349801
261698166
2583234214
239049196
138576398
233248239
47454945
55309171
2446463180
2963086193
39133657
3838418728
4462368945
382960826
123935343
202323056
161802070
51708519
3931416493
201533050
13352392
4203820859
2269638845
115230811
571713605
53593164
15401058
51674513
53593164
33815474
342458752
179083189
114763289
233248239
2905450932
51674513
64889587
42611355
101007109
249858456
2893483953
24136285
310995379
326613112
159117095
381260516
2753380875
213358600
90036756
2884919407
963052910
3434680253
198727483
154376200
166863493
1950980395
14255877
340055188
267481066
223844165
133829997
623027771
2770522661
1537871466
2934759383
106004883
219759162
34569671
212378675
523694843
16700029
1873452980
51674513
51674513
3907863019
15505472
18777931
3254093499
44778868
2920467711
6947592
51708519
144979379
227056886
117820089
206216897
212378675
3375186395
2848497243
57383618
827618384
2327642106
33359412
399675872
1442026220
47873612
3011234974
4244221
386226086
31350221
193464274
1920558732
349886931
834516132
1094168190
378838913
47873612
3290108997
431029490
2189274668
169818796
82854029
1950980395
331051849
18709482
52430230
336280932
386127157
133564736
359552619
224379967
1397178678
2245046695
2329212822
407389651
596805036
306413439
16076291
58377072
492513430
750577734
66809543
48375478
1321575253
401479888
422958153
1397178678
70259546
388516155
733034989
1350091884
441314662
335654799
55581373
20943239
4246804295
47873612
1321575253
170896342
623624001
597967132
384832547
636437692
326439645
1137689184
2896078619
20396060
121524037
824121000
38367489
272017532
1452074077
627987312
1547636228
460587693
166268287
377542721
274150922
560683294
1321575253
242880980
2298468813
448258403
2660888201
783335784
3413903279
378384455
1275599425
620443224
294740440
820851728
834516132
47264746
271425711
55445932
1086940165
41005001
572252175
25398822
32051603
27279153
1074914916
1047186505
476305050
1833304993
62912013
349886931
838275452
95161324
31350221
559640044
405628187
888022020
2182307559
132789837
417241706
396570897
1103949511
135353774
3235970015
3235970015
288359079
41005001
18777931
261698166
434507710
385987221
559640044
287326105
2718680582
150375989
159537885
3306514502
3580323737
1618220948
1128748885
325434042
101007109
1599934339
30994836
1642886354
2934759383
565944843
636259945
3011234974
623027771
1452074077
87691397
16136933
2639069166
309363210
1225371752
2853480141
16720424
1078092926
1535407052
750577734
958191210
577521719
2436264105
37543938
261698166
371525560
50752147
31350221
981161851
463214408
1321575253
80347103
536900580
5552492
2848497243
2765656809
118250767
382944661
1064958019
325434042
375414261
16114869
403055497
3306181150
37526631
611418074
1466551
352020891
76762690
593253091
163919957
220089757
2421201893
23245100
768479503
91616839
4260418749
4260418749
22106552
325434042
1452074077
9638102
2269638845
51674513
230021244
25398822
77042433
2269638845
243638766
2269638845
1074914916
50669904
44979479
113286944
250296396
260880070
7384442
417241706
339951003
178555646
324680870
3401661785
2858615375
3011234974
756428221
538141576
170896342
2269638845
325183872
2269638845
1240685208
87691397
90036756
48787743
114615070
2767627264
164112080
839930738
2826902816
14468480
349886931
103603220
24924289
1965720242
1064450270
257539291
2298468813
811909218
16282836
44806675
52711285
29914883
137083819
3011234974
147055493
1705327946
490945376
361375336
43986554
229170483
1950980395
1873452980
13352392
245200688
3392513242
423037952
362056384
456975307
594997961
36198213
392517954
1442026220
44778868
2587890984
1912562802
18015221
22106552
16136933
314263997
18777931
220089757
811307996
22640014
260410314
53964836
321715703
567764722
800989236
375927465
1103949511
1086940165
3854301033
581466918
66984568
328575167
24136285
34282890
1103949511
706611654
91616839
2474858965
627431089
46275904
2421201893
3930766234
3011234974
1209948427
1100182351
1468010054
2905763211
3819921075
323560633
1016422880
14361414
707160120
346989015
475360630
3413903279
16136933
419211890
33735675
16700029
269406512
51674513
422958978
391071169
3087654821
269406512
90036756
2848497243
230021244
63032551
1659415495
219115571
261698166
436237655
2583032838
15148349
1173584454
24199683
302955294
188145934
896402149
170405686
455822178
975911748
469619611
1401068173
365234804
163919957
399675872
863784085
292542639
36081926
22106552
924143202
261698166
635818733
2963086193
750577734
13352392
919992420
3406342600
170896342
3372383193
1496574241
349288520
2934759383
2963086193
1240685208
1920952700
107495679
230021244
469619611
30994836
20691953
515878505
30994836
2259978697
51674513
258650141
2718680582
3413903279
954573337
2753380875
346989015
3099717657
4331925513
30134104
2832403102
301718819
16136933
2516535745
24078609
2388080479
40726204
480618100
1361824520
267481066
170896342
1018629450
254665444
239388148
904036698
3218864509
2337306661
2315715362
1873009891
347950572
542926865
36240889
347950572
398792934
2767627264
176656212
1342599823
24924289
446394804
924143202
27947045
27947045
299073333
59282615
448513832
16720424
701615258
248713008
242508989
1452074077
32051603
61306494
9638102
2934759383
1219722954
301718819
20396060
2388080479
75799521
51674513
233702385
271651446
2560422184
22106552
51674513
2679716525
300544614
323546408
314263997
616590576
261698166
637404660
19216361
359552619
1047186505
629737742
217582189
2421201893
1055127426
1094168190
515038894
28740384
22106552
90637438
16700029
403055497
18777931
716814803
230021244
905118708
270139204
271052781
3011234974
1191055789
898943077
24003819
909016442
22398986
150368446
119203478
223844165
91616839
359115213
119203478
901973257
2298468813
286484182
3008273859
231113186
465827393
1705327946
272064395
1616875934
264003929
450314534
450314534
22535470
330524784
623027771
427610236
2187061308
133574413
293315669
310995379
167948209
1537871466
16136933
2963086193
619420404
1456075993
333179708
3350374132
170896342
161506149
28740384
50019573
243926330
303559968
18777931
391805778
1240685208
339355762
152928795
2652581774
1950980395
539539429
1950980395
477210919
712809866
246970962
115607690
77854138
623027771
256970288
18015221
3306514502
41005001
2197077152
41001539
455822178
1220267732
343425595
216707493
237089786
464241101
384014461
898767434
309363210
2848497243
258650141
148378420
1138427406
567578524
170896342
242992653
2375617591
42611355
598063980
568771064
360245510
267481066
271230441
26065127
413464550
13352392
34004343
61306494
61306494
230021244
3961428915
72947471
2686947911
74502930
16720424
314263997
260410314
44976226
2324188808
102156149
2934759383
1036205892
412746028
13352392
1090458745
3347086018
495521704
133564736
616828594
560683294
361375336
560573206
310995379
1711427246
2250681006
58319295
22106552
86584697
249858456
38666012
32051603
525648797
87691397
250086931
314263997
325434042
32451454
2741486081
4260418749
14361414
585300841
274700210
25289276
325434042
1606235576
397641964
10626512
636259945
469619611
188145934
292542639
751829623
468578849
901973257
2934759383
2934759383
95754961
378838913
260410314
436201860
360337656
261509395
352138220
31156886
2421812524
346989015
2934759383
480715230
716814803
169818796
352846780
288359079
1950980395
3227566255
123375719
74484420
16136933
495521704
36081926
2316106297
24199683
82507022
121767035
1537871466
320468206
2938479263
454478781
15070140
3011234974
244765562
2312381852
230021244
13352392
748458434
22106552
22106552
325434042
174825825
205862669
51674513
405628187
585300841
2941019255
119203478
56356790
362078697
1442026220
494344318
2421201893
245923031
220089757
168324094
623624001
1950980395
18015221
2587890984
382341744
22106552
1086940165
1191055789
171781189
16136933
2718680582
2634669489
22106552
314263997
211648070
14429137
472861419
254310541
44778868
3448868847
2260544550
312498022
210654979
459263017
324680870
403055497
242508989
110010893
2893483953
1094168190
527147641
71147392
105190427
941700126
1210590756
1157543995
561529630
170896342
444247146
219686978
64646502
533741585
287326105
16700029
153318413
25398822
68095938
455110295
170402692
302904519
405628187
386226086
134208336
28741149
51674513
50220382
329458001
1056245630
424587382
1056245630
246542706
1526853296
168745148
305777617
147055493
24795305
47264746
389257565
3289154752
113041293
89084394
219115571
305283485
3397386010
261509395
362957100
58604701
92404289
41925420
401524499
326613112
387907928
242508989
557359558
241670381
1574447156
52711285
32051603
80347103
16304290
230021244
413668232
4197651435
2298468813
275276167
788185812
18015221
15157351
3413903279
3413903279
336280932
553971005
161054696
305777617
1537871466
637218192
1537871466
5565032
426810998
413464550
290842329
242880980
2753407309
43575310
180475987
237089786
364427540
279746449
301718819
2779882766
1606235576
780435188
1910412596
3222062776
18015221
32051603
314263997
3976247655
170896342
141917165
230021244
2918823364
27781753
2793085719
300835795
1103949511
391071169
230021244
633287684
3787313419
18558112
2150882236
560683294
3413903279
16700029
312498022
3011234974
312498022
391071169
436237655
22787358
246097158
240399698
472861419
3350374132
249858456
223844165
354371808
3358396361
113041293
249858456
27588408
4062908727
322439994
536364331
2512640725
630463865
121983028
